1 0.750473 0.518725 0.026007 0.045049
1 0.707771 0.525785 0.084757 0.051225
1 0.768190 0.521192 0.033683 0.047401
1 0.790413 0.510567 0.037975 0.042023
1 0.809956 0.514757 0.036111 0.040107
1 0.834814 0.515831 0.030041 0.034967
1 0.851790 0.507788 0.030852 0.030888
1 0.873696 0.507677 0.038559 0.028528
1 0.900767 0.505103 0.027216 0.028100
1 0.955669 0.496102 0.033549 0.029375
1 0.981304 0.514971 0.037392 0.037969
2 0.629548 0.517747 0.025212 0.062467
2 0.074755 0.574840 0.043249 0.085370
10 0.023332 0.539116 0.046663 0.119498
11 0.267541 0.456645 0.018440 0.032566
