11 0.261539 0.453623 0.023988 0.025650
1 0.960697 0.512932 0.056312 0.043166
1 0.888053 0.500752 0.023636 0.043166
2 0.625790 0.515136 0.019112 0.051242
2 0.157211 0.564202 0.050207 0.109918
10 0.030643 0.535929 0.061286 0.117023
11 0.762301 0.559568 0.062464 0.327048
1 0.814708 0.509054 0.022939 0.044276
1 0.835566 0.505736 0.017381 0.028775
1 0.739631 0.514589 0.036844 0.046480
1 0.857810 0.501859 0.028502 0.029885
1 0.787944 0.507948 0.023636 0.042064
1 0.680537 0.523446 0.079948 0.053125
1 0.771955 0.512377 0.012515 0.026563
