1 0.777998 0.492677 0.036596 0.036028
1 0.808621 0.499663 0.057273 0.043141
1 0.754951 0.493125 0.027939 0.038701
1 0.708017 0.497796 0.025702 0.029359
1 0.670579 0.491571 0.021229 0.029359
1 0.686921 0.491789 0.021508 0.035140
1 0.630907 0.492681 0.034086 0.024457
1 0.604507 0.492233 0.023187 0.024465
1 0.586764 0.495127 0.030728 0.029350
2 0.141291 0.522948 0.015733 0.034219
1 0.563409 0.494260 0.013636 0.018158
1 0.550181 0.493520 0.013068 0.018257
1 0.539401 0.493717 0.011343 0.018059
1 0.526467 0.490609 0.016364 0.017566
