11 0.811565 0.562002 0.067779 0.354268
1 0.694215 0.527484 0.088926 0.055559
1 0.744305 0.510461 0.033765 0.039424
11 0.260075 0.457122 0.028652 0.038059
1 0.777510 0.513150 0.032645 0.037632
1 0.797774 0.505979 0.025888 0.037632
1 0.822412 0.508820 0.019990 0.030913
1 0.837123 0.502767 0.026467 0.035354
1 0.860777 0.500498 0.037867 0.028413
1 0.890832 0.496419 0.031539 0.035008
1 0.966529 0.510543 0.066942 0.048092
2 0.625013 0.518520 0.022619 0.051974
2 0.130243 0.562294 0.030940 0.094326
10 0.027164 0.540197 0.054329 0.123536
